3966.75
3840.75
4295.25
4763.25
3438.00
2733.75
5319.00
4882.50
3489.75
5044.50
4693.50
3161.25
3476.25
2332.50
4752.00
2855.25
5078.25
3199.50
4432.50
3318.75
4902.75
4729.50
4963.50
4088.25
2783.25
4275.00
3001.50
3840.75
4934.25
2990.25
3908.25
3492.00
3969.00
3366.00
4882.50
3888.00
3476.25
4061.25
3690.00
2569.50
5152.50
4473.00
4839.75
4239.00
4275.00
4986.00
4173.75
4074.75
2715.75
3874.50
3278.25
2947.50
3723.75
4803.75
4203.00
4500.00
4531.50
3888.00
2540.25
2994.75
4439.25
4128.75
4590.00
3456.00
4565.25
3843.00
4079.25
2922.75
3780.00
5188.50
3093.75
3442.50
4979.25
3080.25
4644.00
3939.75
3064.50
3897.00
2337.00
2470.50
2767.50
5107.50
3264.75
4275.00
4905.00
2727.00
3026.25
3993.75
3923.25
4736.25
4965.75
4239.00
5103.00
3741.75
3804.75
4509.00
3757.50
2713.50
2988.00
2506.50
3694.50
5422.50
5208.30
4617.00
5195.25
3262.50
3267.00
2765.25
4752.00
3645.00
4079.25
3768.75
3885.75
4614.75
3159.00
4326.75
5123.25
3246.75
4709.25
2641.50
2877.75
2819.25
4403.25
4106.25
2812.50
3809.25
3489.75
5094.00
4371.75
3867.75
4475.25
5690.25
2718.00
4650.75
4225.50
4623.00
5123.25
3127.50
2346.00
3206.25
4023.00
3282.75
5262.75
2808.00
5094.00
4187.25
4104.00
3138.75
3420.00
2466.00
3156.75
3928.50
5091.75
5319.00
2235.75
3831.75
4104.00
4479.75
2781.00
4299.75
4047.75
4142.25
3498.75
4410.00
5064.75
2974.50
5222.25
3881.25
3298.50
4099.50
4873.50
4425.75
3665.25
4594.50
3258.00
2832.75
2769.75
2787.75
4914.00
4522.50
3422.25
5577.75
4941.00
4833.00
3737.25
2909.25
5170.50
2407.50
4452.75
3746.25
2778.75
2769.75
3289.50
3683.25
5346.00
4563.00
5188.50
4401.00
4520.25
5307.75
5111.50
4797.50
2372.25
5887.75
5193.50
5098.00
3827.25
3019.25
5475.50
2452.50
4670.25
3831.25
3026.25
4670.25
4557.25
4287.75
4419.75
3646.25
4495.00
2346.00
3206.25
4023.00
3282.75
5262.75
2808.00
3489.75
5094.00
4371.75
3867.75
4475.25
3966.75
3840.75
4295.25
4763.25
3438.00
2733.75
5319.00
4882.50
3489.75
5044.50
4693.50
3161.25
3476.25
4651.50
4651.50
4002.50
2841.00
3966.75
3840.75
4295.25
4763.25
3438.00
2733.75
5319.00
4882.50
3489.75
5044.50
4693.50
3161.25
3476.25
4106.25
2812.50
3809.25
3489.75
5094.00
4371.75
3867.75
4475.25
5690.25
2718.00
4650.75
4225.50
4623.00
5123.25
3127.50
3958.71
3876.05
3793.39
3710.73
3628.07
2345.41
3462.75
2345.41
3885.75
4614.75
3159.00
4326.75
5123.25
3246.75
4709.25
2641.50
2877.75
2819.25
4403.25
4106.25
2812.50
3809.25
3489.75
5094.00
4371.75
3867.75
4475.25
5690.25
2718.00
4650.75
4225.50
4623.00
5123.25
3127.50
3867.75
4475.25
5690.25
2718.00
4650.75
4225.50
4623.00
5123.25
3127.50
4150.29
4133.27
4116.25
4099.22
4082.22
4065.20
4048.18
4031.16
4014.14
3997.13
3980.11
3963.09
3946.07
3929.05
3912.03
3895.01
3878.00
3860.98
3843.96
3826.94
3809.92
3792.90
3775.89
3758.87
3741.85
3724.83
3707.81
3690.79
3673.78
3656.76
3639.74
3622.72
3605.70
2388.68
2371.67
2354.65
2337.63
2320.61
2303.59
3486.57
3469.56
3452.54
3423.52
3418.50
3401.48
3384.46
3367.44