4411.75
4065.75
4377.75
4855.75
3570.50
4953.75
5509.00
5015.00
3717.45
5484.00
4773.50
3343.75
3541.45
3835.00
4914.00
3047.75
5378.45
3487.00
4547.50
3366.45
5100.45
4867.00
5196.00
4145.75
3018.45
4345.00
3469.00
3930.75
5059.45
3160.45
4075.75
3604.00
4416.50
3478.50
4977.50
4088.00
3513.75
4448.75
3847.50
4817.00
5494.50
4743.00
4894.45
4474.00
4415.00
5173.50
4356.45
4149.75
4870.75
4184.00
3550.75
3410.00
3876.45
5001.45
4308.00
4595.00
4769.00
3948.00
4630.45
3104.75
4531.75
4446.45
4665.00
3748.50
4855.45
3945.50
4154.45
3000.45
3905.00
5463.50
3171.45
3694.50
5039.45
3434.75
4739.00
4047.45
3364.00
4404.00
3774.50
4575.50
4900.00
5330.00
3319.75
4397.50
4990.00
3034.50
3448.75
4073.75
4017.75
4871.45
5140.75
4416.50
5358.00
3849.45
4079.75
4651.50
4004.50
4841.00
3198.00
4644.00
3867.00
5600.00
5488.30
4914.00
5495.45
3445.00
3369.50
4947.75
5014.50
3937.50
4389.45
3943.75
4143.45
4817.45
3301.50
4561.75
5398.45
3441.75
4786.75
4749.00
3054.75
4904.45
4645.75
4413.75
3090.00
4056.75
3604.45
5366.50
4596.75
3995.45
4765.45
5987.75
2843.00
4693.45
4480.50
4890.00
5353.45
3384.50
3646.00
3513.75
4300.50
3375.45
5555.45
4873.00
5491.50
4459.75
4146.50
3448.75
3614.50
4503.50
3446.75
4156.00
5351.75
5566.50
3500.75
3949.45
4401.50
4684.75
4843.50
4557.45
4487.75
4419.75
3646.45
4495.00
5169.75
3194.00
5509.75
4176.45
3443.50
4144.00
5153.50
4640.75
3885.45
4834.50
3475.50
3464.50
3475.50
4844.75
5111.50
4797.50
3574.45
5887.75
5193.50
5098.00
3847.45
3019.45
5475.50
4454.50
4670.45
3831.45
3046.45
4989.75
3367.00
3755.75
5596.00
4770.50
5331.00
4656.00
4635.45
5597.75
5091.75
5319.00
4355.75
3831.75
5104.00
4479.75
4781.00
4499.75
4547.75
4144.45
3898.75
4410.00
5064.75
4974.50
5444.45
3881.45
3498.50
4099.50
3949.71
3917.03
3904.35
3891.68
3879.00
3866.35
3853.65
4786.75
4749.00
3054.75
4904.45
4645.75
4411.75
4065.75
4377.75
4855.75
3570.50
4953.75
5509.00
5015.00
3717.45
5484.00
4773.50
3343.75
3541.45
4786.75
4786.75
4749.00
3054.75
4411.75
4065.75
4377.75
4855.75
3570.50
4953.75
5509.00
5015.00
3717.45
5484.00
4773.50
3343.75
3541.45
3365.68
3105.75
4845.81
4585.88
4786.75
4749.00
3054.75
4904.45
4645.75
3885.75
4614.75
3159.00
4346.75
5143.45
3446.75
4709.45
4641.50
4877.75
4819.45
4403.45
4106.45
4814.50
3809.45
3489.75
5094.00
4371.75
3867.75
4475.45
5690.45
4718.00
4650.75
4445.50
4635.00
5143.45
3147.50
3146.00
3144.50
3143.00
3141.50
3140.00
3118.50
3117.00
3115.50
3114.00
3114.50
3111.00
3109.50
3108.00
3106.50
3105.00
3103.50
3104.00
3100.50
3099.00
3097.50
3096.00
3094.50
3093.00
3091.50
3090.00
4786.75
4749.00
3054.75
4904.45
4645.75
4430.81
4414.04
4393.46
4374.49
4355.74
4336.95
3867.75
4475.45
5690.45
4718.00
4650.75
4445.50
4635.00
5143.45
3147.50
4144.45
4117.45
4090.45
4063.45
4036.45
4009.45
3984.45
3955.45
3948.45
3901.45
3874.45
3847.45
3840.45
3793.45
3766.45
3739.45
3714.45
3685.45
4786.75
4749.00
4786.75
4749.00
3054.75
4904.45
4645.75